1
2
3
4
5
7
8
9
10
11
12
13
14
15
16
17
18
19
21
22
23
24
25
26
27
28
30
31
33
34
35
36
37
38
39
41
42
43
44
45
46
48
49
51
53
54
55
56
57
60
64
65
66
67
68
70
71
72
73
74
75
76
77
79
81
82
83
84
85
98
99
101
102
105
106
107
110
111
113
114
116
118
119
120
121
122
123
124
125
128
129
131
132
133
134
139
140
143
148
149
150
152
153
154
155
156
157
158
159
161
162
164
166
167
168
169
173
174
175
177
179
180
181
182
183
187
190
192
196
197
200
201
202
203
204
205
206
207
208
209
210
211
212
213
214
215
216
217
218
219
221
222
225
229
230
232
233
234
236
237
238
240
242
243
244
245
247
248
249
250
251
252
253
255
256
257
260
261
265
266
268
269
271
272
277
280
301
303
304
306
308
311
312
316
330
331
342
345
346
347
348
355
358
372
373
522
540
545
550
554
555
556
560
566
577
600
661
688
701
702
703
705
706
707
708
709
711
712
713
714
717
718
719
885
886
888
889
890
891
892
912
915
921
929
941
952
973
981
982
984
986
987
988
989
994
995
2010
2011
2012
2013
